chair: 0.9039379954338074
tv: 0.8756812810897827
traffic light: 0.714792013168335
laptop: 0.9459988474845886
mouse: 0.8988229632377625
keyboard: 0.9295461177825928
person: 0.9448133707046509
cell phone: 0.8183997273445129